-4189
8394
2844
-208
-3415
-1376
9243
8611
-3496
7849
5189
3189
3328
-733
-2484
5489
-3636
-367
5462
-6891
1925
324
6181
-2041
9252
2782
-986
-402
8971
9153
-2368
-8440
-4596
6243
3950
7977
1737
777
-5479
8286
-8168
-1718
4201
-9530
5872
6958
7871
-3020
-8841
280
3706
6541
6654
6045
1313
-55
-6704
-1265
3846
-7250
-4595
3844
2357
6158
-7388
-6353
2949
3703
847
1444
6180
972
-1784
-9062
-1319
-8238
6024
-7217
-9316
-7568
-9812
9204
6921
-5143
9239
7895
-9164
3919
-2064
-1154
4830
-2868
1677
-9644
8377
9972
-1770
-4657
-5491
4632
-5758
8210
3769
7
9304
6643
3120
-9517
-2590
7226
-402
-8166
8220
4846
5947
8454
4821
-5265
-5523
-1531
1105
3067
244
-1536
9243
3463
7206
-5673
2697
-5015
-1489
6857
-7083
-7333
9260
2807
7155
2725
-2066
5217
2970
-2457
5154
-8479
-1678
1544
7743
2484
-8211
6695
6991
8708
-104
-4083
1633
8821
7781
2431
4971
-8317
9222
-2121
1322
2788
-8308
137
-5724
-5746
1126
-4172
5333
-9498
-1140
2737
-4814
8448
-4385
-1042
-7445
-442
1825
-1141
-348
-343
-5721
-4769
-9200
6224
-2711
-9737
-9248
-7480
-6225
-5563
-8949
2824
6874
8805
5834
-3050
-3602
-8191
1620
-7603
-2696
5329
843
6745
3397
-6514
7020
-3833
2019
-5798
-9505
9877
-149
2455
43
-5370
-803
-1036
-9095
3753
5645
-9030
4486
4166
4058
8326
5795
3253
-5513
-6034
-9576
-7417
9120
7557
-2466
-9227
4626
2828
-3307
8657
-4389
5931
-8518
5028
-7480
-5144
562
3683
-390
9806
-6063
743
7512
-2372
-8528
-3163
-5261
-2418
2286
1735
2140
740
6218
-4312
-3889
4146
-7852
8217
7071
-9764
6955
9348
-4862
-7245
-6848
3114
7229
8719
-3369
-8511
2004
-6596
3971
8006
7272
1658
5723
8189
-1469
920
-7533
8583
-5572
-388
6441
-617
6272
419
3875
-9873
-2914
-4523
6675
-4633
-8173
-2693
4368
0
4513
-1365
2745
8506
-429
-1223
9862
-3258
-6868
6354
-4152
-5249
-7057
-4129
-2500
6932
-5447
-1852
5006
-5236
4293
339
8074
-8075
9649
-8290
-9932
-5999
9026
-8867
6779
4136
4824
-7897
-7066
4203
3843
-2737
-4713
-6272
9460
8541
-70
-3752
-7858
2952
-5544
2093
6673
-7197
-6149
-1998
-705
2253
-6296
1547
-2250
4218
-5306
-7321
4965
-5466
-8719
-1291
-5005
-5146
2044
8521
2848
-7684
-7377
8866
32
2012
-7482
9875
-4995
-351
997
7258
-213
2328
-2770
-4666
685
-1017
-4211
-8972
-8668
4931
-7933
5433
4535
4793
6515
-7459
-9642
-5851
-6455
-7622
995
-4606
-2936
-9075
-2362
6181
-3016
-9683
-7536
-7080
-1042
-2944
130
-2641
-7709
6450
3642
5223
3304
-7755
-5115
7693
7408
-5851
233
9167
8413
-3493
4443
-1108
8323
4253
-794
9991
2946
-5529
-6667
2451
9853
3183
-7294
-6233
1445
-9071
1538
1513
-2675
-6296
5180
-4597
-5077
4923
-7411
-1047
-1333
-975
4895
-6250
-8264
-6847
-3324
-6880
-8077
-2096
3379
-6691
-1289
2904
2336
366
4258
9841
-4969
-322
-288
-7359
-1961
6994
7394
6127
7619
-9054
5377
1741
8662
-2474
7591
8992
6413
3124
7813
6451
-4923
9311
4089
957
-3678
-6106
-902
-8425
3116
629
-9217
1613
-9665
6411
-588
-6836
4327
-4324
4361
-5848
-2549
-1318
-4107
9064
-8794
8366
-9950
-3680
-9124
-149
7729
2986
-2608
-2286
-4458
8520
9340
-9734
9930
5102
5812
3202
-6304
6474
9233
-5819
3458
-9505
-1080
8578
-4803
-8068
3089
598
8266
-9713
1624
-9421
-3116
6087
-15
66
-5388
3399
2547
1458
-7200
-1871
9021
4255
4676
8344
-1818
-2680
-9781
2478
350
-6659
9976
-8664
3958
7218
3460
7102
-2849
7052
-4186
145
-7507
8330
8316
1419
-5607
-9138
-3481
-4327
1647
-6676
3173
-7669
-9984
6511
5933
7174
-4603
1915
8775
-1634
-3937
-3272
-5252
9246
-7851
-5201
2014
8883
-8991
1502
-467
2191
9690
-9541
9520
-8926
9618
5424
-5681
5843
7052
-2809
-8600
5382
5454
-1044
1018
8745
-9608
-8037
4327
-2523
-1325
5790
7422
-9579
-2322
3336
3931
-8684
1367
-5132
-7899
4972
-6583
-9723
-5047
-8496
-8651
3469
-3356
3039
-8653
5890
-8176
-2038
1973
9817
-9727
1551
-3272
2234
4514
5289
9730
-2982
374
7652
3717
6213
2618
5475
-381
-677
623
-3152
584
6583
8465
-2429
9662
7697
518
2500
6491
-8883
-1174
-97
-1208
-1374
6276
3883
7785
-6821
3675
4283
-4739
3099
3199
-4703
-3852
32
-7601
7536
-6105
-7788
-1145
9041
-8103
-5221
3013
9748
-8801
6810
-6984
-3428
-1853
-8753
-1780
1586
-9058
-1382
3660
-3010
3462
6538
9594
-6591
-2904
-3715
-9495
-5794
6244
450
-1643
-7744
-9859
7275
6975
-1842
-4599
5470
-3063
-1100
-4687
4652
9113
-4280
7907
-4237
392
-1139
-4865
1663
-1017
9284
1452
-9200
2150
-4433
1398
1227
-1579
4134
9013
-787
-8821
8092
-4380
7063
-9571
1834
787
9320
3684
-1613
8365
-4029
-5955
-2483
-9965
2378
-1122
-8519
-6925
-260
126
123
-9667
-4582
3691
7936
7649
8593
-265
924
-1382
-9504
-8701
1041
1057
6075
9929
-7482
1030
9469
-9981
6165
-7932
6537
-1379
-2216
2499
578
-7312
-6901
-4357
5292
1906
-8928
2292
1458
5457
-9766
-7686
-7493
1617
-8413
-8904
-913
-819
9509
2621
5774
-5790
-6348
-2365
2786
-5104
3076
-528
-931
-8173
-3658
564
-3428
-856
2128
-9155
-2316
5563
-5365
-9180
-1220
8792
103
9564
-1455
-3633
-843
-7970
7834
9982
-6715
-8781
7931
-5691
1262
-1102
-6844
2045
7211
-9704
9400
-9608
9084
1452
-4292
5114
1393
237
-2155
4719
7323
-2809
-8469
-7222
-7980
-7583
3614
8394
1736
-5870
4109
-1473
-8559
9245
8091
8131
-402
-5719
-4802
-3624
-5571
-7563
-4248
3580
-7537
-1179
5757
-5483
3213
1853
9279
3782
-2257
5652
8396
7663
-377
-1243
-6264
6253
-4768
-8907
-6805
517
-711
-4495
-8749
-8354
-1533
5972
1185
76
-8176
-9184
-2012
-5500
3083
7795
7564
5371
-8499
1147
5448
873
9232
-7465
8634
7254
4146
7226
-1766
-9252
-735
1950
-1265
-650
-9833
388
9063
9844
-9885
4728
-7002
-9538
-7595
2825
-4358
8312
-2397
8359
-2864
-8970
-8357
980
-3425
5048
-2401
3862
-7929
-5668
8444
3589
-511
-8838
2825
-9162
5811
-3949
-2346
4649
-5992
-261
7845
1311
900
-4903
-7557
6088
1322
-1766
-5287
9062
1222
-1166
-3379
-5266
2817
-7159
-3239
-7385
1853
302
-2663
-4775
2824
2240
6930
-6032
9820
-7118
-2349
-2032
4490
5276
-4597
-9337
-7499
-6344
9804
3390
-8485
-9362
-5659
9712
576
-3740
-561
2436
967
4023
9054
-8150
-6907
-4116
4805
-9354
7831
3556
-4261
4738
-6786
-2970
-2310
-6410
-1042
14
-1447
-8498
4274
2138
-7072
2149
-3749
7546
8698
-2352
6144
-3051
-4585
9793
-3002
-2453
-6513
9188
7595
7817
4065
8202
-6674
6672
-4349
9741
-6412
-7218
4647
6729
8771
7101
6810
-1264
-3891
-3028
-7395
-2697
1771
-7900
5131
-1880
-5562
-5899
-49
4345
-7194
6403
-5656
-8239
7687
185
5899
-9568
-9268
2353
-3770
1588
6654
4389
5472
-8788
-455
-8094
-451
5801
-7896
-4312
7231
-2451
8369
9898
-3662
-1947
-3024
8299
1863
-4361
6909
-2728
1557
3226
7556
6835
7758
-7236
2489
9899
-2119
3300
8920
4448
-1935
991
9097
5475
7161
-9301
-9869
-4217
7534
-5971
9581
3616
214
6105
1220
6674
5718
9692
-2524
-8725
-3251
-5671
-5419
-8603
6580
3359
1149
-2315
8825
8729
3390
1087
-5854
1281
5499
6904
-3042
-3749
1283
-2246
2803
-3876
705
-7644
496
-3344
-8339
3310
8603
980
4411
8279
7362
-2006
-1798
-3414
869
-5426
-4129
-733
682
8460
9144
6529
-6376
-4677
2995
8304
-5188
-8011
-7532
1797
-3386
34
-7368
-1542
-6124
-224
7165
4204
-6284
-80
4526
-1980
-4109
-4020
-6395
-8688
-7821
-921
-2690
-1133
7511
9499
918
-4249
6872
2779
9085
9625
-3169
2071
5108
113
4965
2944
9937
-2840
-2769
2691
-5031
3038
-6525
-2060
7566
-9925
76
4857
-7317
4956
-2895
2426
-8869
-9932
-5001
5251
-6415
-1208
-9440
7786
1833
5384
8484
9287
-2844
9262
-5329
-3323
-390
9003
6199
-2403
-7756
8825
-5462
-5454
-4753
3480
-7151
-3780
-1664
-8254
-868
-9094
-9924
3909
4572
5372
4233
-5113
-1110
-2410
-9113
-1440
6691
-4006
-952
-5015
4597
282
-5924
519
3089
-7843
1374
-9354
494
-7871
5745
1280
-3925
5612
-2958
-3388
-7231
2819
2613
-5076
600
5941
-2181
8500
-7570
4057
8121
8428
-609
1298
-3565
-1891
3548
-3800
-9013
1765
1992
8557
4046
903
7222
-7055
5988
-3940
830
-4143
-3789
5948
5218
1151
-3839
3824
6823
833
-4993
2193
8230
-6140
-5269
-269
1340
-8428
-9653
5439
7535
4831
-407
-972
912
-7230
-6821
8738
-9118
1418
2312
9712
3017
8492
5243
-9108
-5020
3061
-7288
3976
9794
-5898
-2749
-4512
-1145
-3765
-3454
-5141
9365
-7445
5630
7298
5046
7723
2395
-7688
4516
-6457
2672
7073
-2463
-3485
5311
-2754
-5684
-9625
-1835
-6153
8379
5429
-8462
6790
8718
6741
5729
7261
-3657
-1323
-7312
-6534
7268
-3676
-127
3613
1534
-3607
-2606
9424
-8800
-9783
4003
-3161
-5617
-5647
-2199
1804
-479
-7334
9881
8708
-9967
-5563
-8268
4883
4681
-6836
4572
-7915
7873
9388
-3971
-7099
2910
6001
-9762
-5395
2114
6962
2738
4033
1790
-8325
2142
8422
6698
1695
-4085
-5697
-1118
-814
533
3295
-2069
1236
-2513
7668
-7943
3615
2561
-5931
1535
2614
-1565
-4935
-6518
765
7290
-8131
-2411
-7973
9389
821
-6387
2830
-8846
4402
1388
4267
1052
1199
-5682
-6378
-2003
-3440
-5874
8255
-9285
-5876
3675
-6584
8279
-1491
-7603
-4220
9469
-9854
6777
-1472
9110
-7956
4176
7727
-8275
5854
3389
9641
7778
3545
-2766
583
5093
-5644
717
-7921
3334
6342
-9107
7446
-2049
4305
821
7128
-8472
2728
4433
-2515
1358
-6069
-4517
-1775
-5958
-905
4536
4639
9573
1709
-8295
-4198
463
6307
8787
3176
-9887
1424
8259
-8905
6038
-9661
8655
-9692
-3174
6
-3982
-4015
-489
-8384
-8397
9464
3645
3026
-6490
-8250
-2833
-6195
-6895
-2131
4327
9552
3320
9646
-2361
3842
-571
-9018
4014
-7446
5964
-1057
1638
4288
9895
6351
-6586
7789
-2139
-7339
-5749
4379
5069
-1710
-5620
2557
-7650
-2983
-6950
6476
6332
-2460
-2835
-8245
-3880
93
-6692
678
-7845
4597
-5378
-155
-2393
-103
2622
-6825
292
-2107
1712
6779
2471
2457
-5582
1265
476
4423
6243
-7909
-973
-8062
1718
2735
5063
-1884
6104
-9160
5980
-7477
230
2296
-7528
6884
1798
532
-4399
8556
1781
8461
9089
-3909
601
2728
7268
-7002
-4629
-4544
-7857
-1834
2371
-8146
9584
-9485
-1670
-982
8813
-4575
-6397
4603
-573
-2867
-44
-9889
-5539
9107
1223
-8078
9463
6317
-6913
4188
6472
-4696
2281
-1049
5619
8586
7345
-5750
-2364
7246
-6850
-2931
-4564
-2569
9602
-559
-1036
981
-9213
2620
1616
2579
-1625
6323
-1068
843
-286
-5027
-8357
-2940
8359
-8590
-3343
-9548
-2799
-4370
9725
-5399
-9752
2045
-9352
-8165
-9557
8526
3618
-6818
1521
-2258
-898
-8876
6167
9124
-1211
3490
-6791
862
5722
-2273
-2541
1336
7897
-5534
-7284
2700
-4253
-246
5255
-9844
-2191
-7588
7616
128
4872
-1351
-5605
4115
-2171
-3200
-8139
-7911
-4376
-6149
-8301
-1927
968
-3755
900
3638
4732
-3317
-603
7579
6448
-2117
5111
9058
7932
3108
2055
8237
-5235
-7526
9960
8426
807
5624
3918
9871
6135
-8574
-6769
7017
7980
-99
9063
-197
6841
-2349
-4583
-6397
345
3517
-7522
-9824
807
6304
-5887
7584
6416
4483
-283
-6481
1048
-3715
-6483
-712
-2016
-6884
6769
1410
1000
3897
-2289
7772
7805
6508
-9635
2935
-9697
851
3580
8418
4594
-2585
-1222
-3585
6812
798
-8227
-4312
-3893
6390
-8787
-1892
8168
-7524
-6006
256
4334
701
-5363
2015
-7463
9173
-2534
-4390
-9333
3280
4975
5491
-4982
2525
5263
-2880
-4023
7157
-4639
2663
-2245
-8714
-7673
-7166
-8841
3527
2498
-5477
-5072
-1676
-7412
600
3246
5316
-9742
-5305
-1022
-3572
-9286
4555
-3486
-317
-4827
-8730
2355
-3973
4584
5923
8843
2108
6869
8257
9416
6029
-1311
7226
-8537
6230
-8941
-7964
-7381
-4286
-3059
-6944
-2617
7077
-8410
-5811
-7479
5947
3275
3325
-324
653
-6170
9619
-2029
5310
9616
-7440
8230
-6676
6569
7035
-8952
8182
1862
7757
116
7043
-6728
2012
-7166
9583
3273
8890
-3768
1024
-8720
4307
-2307
4856
3592
-5316
-3929
-8504
4796
3030
-944
-4839
-8800
-5179
6056
1863
3844
-6276
-6451
2491
1553
-1213
-5520
-1105
-2572
7367
2187
-3094
7206
-5610
-51
-2005
-1326
-8780
-393
4990
7169
-793
-2274
-2340
2096
8351
199
2088
-8914
-8265
443
8916
-9160
-635
5115
-759
1980
-640
-5418
4815
8436
9129
-1445
-1689
-9990
-249
-2863
8221
-3171
-8600
-7346
-6318
-3747
234
-9858
6138
2894
243
8369
-7969
-8499
-1822
-2563
-205
-4368
6691
-521
-677
5698
3014
-189
1700
3130
260
-2072
3751
-447
-8
-7807
1408
1883
5100
8869
-3871
6407
-7991
-1315
8908
-901
-9414
8578
9750
9081
8090
-9311
1641
-2310
1318
3942
9911
6875
54
2584
3352
-3176
1646
-8145
145
153
-2464
-1436
-2213
121
5097
7870
-9166
-1937
-3245
5331
-7170
3424
-8847
-4537
-9135
-818
-1965
7814
-5894
860
6582
-2008
1507
2578
3870
-6175
-730
5188
-3267
9867
-6066
228
5390
-8387
7011
-1140
-1766
-8338
-6042
8375
-9944
1158
-2487
-898
-4805
-5765
6482
-29
-3832
-5201
9728
-3822
8094
9824
5423
-9893
-5264
-241
7662
1350
2996
9936
4596
1598
-5067
-1192
4415
9772
8315
-6927
8017
6871
4537
7059
-9791
-2163
-9333
-3077
1128
-6518
2332
-748
-4610
1065
-9245
6595
1066
-2929
-2858
6812
-8475
-8854
-3768
1960
-7425
-5517
8317
-4140
1331
-4391
-3693
-2018
-2236
-7513
-1520
-2567
-6149
2258
-1884
5117
-4968
7949
3650
6145
-1196
8207
-8906
-5225
-6744
4186
-2417
504
-9093
-3350
9424
3984
-9796
3232
-8706
9895
9069
-8938
-9264
-8918
3035
-3017
5896
-5795
-520
-4406
-2238
-8152
6569
9844
4929
6957
-9598
-3985
2060
-7417
-5515
-2380
1814
7695
-7254
-4523
-162
-1824
7448
-4836
-2698
-269
-6522
-4382
-1783
5209
8033
-6056
792
-2992
7715
-5626
-4994
-4677
-109
9796
-6745
-7025
89
-4055
9769
-9506
369
-3795
1098
8400
-4520
-5870
1305
7027
-4453
9292
-4093
-167
-2827
1694
8236
1280
-1183
9769
-3215
-2755
-2527
-2295
4088
-3926
-4711
1115
6161
-964
-8175
-2722
3445
8381
7569
1887
-1204
1617
-2919
8555
-8757
9849
-4031
6689
-9405
8892
-8284
9404
5607
-1788
3428
646
-4052
-5147
7159
2789
-741
9619
-534
2272
-5118
-7589
-9064
1321
8594
9504
3221
8976
462
-4662
-256
9166
3541
4688
2713
5931
2599
1313
6771
7169
5684
7609
-6347
5043
1874
1861
8065
-4271
-7834
-1825
9588
6701
-9933
4613
-1950
-5492
-6362
-1711
4445
8901
8161
331
6471
3746
7025
4709
1972
9798
-8916
-53
6621
-7793
-7100
8730
6272
-9585
-1110
8027
6233
-1076
7300
6694
736
-9084
9825
-8085
4287
6048
-9395
8050
-744
-3672
-7539
-689
2643
5679
2348
4373
-1396
-2338
8854
7613
-4986
-5397
-1659
-6862
8979
450
-9587
-1187
6559
8926
-9199
9116
9847
-9890
4893
7219
-7041
-4777
5224
-5347
6424
3280
-931
-577
2143
1000
6524
-5759
7540
-4972
-480
626
6781
-2593
-3516
-220
-4995
-3764
694
-2393
6418
-7511
4638
7540
4637
4190
-3723
-8322
-2076
-5455
1056
-3464
-9434
-4528
3621
5384
-9590
3755
-4766
-2013
8702
-7231
-6253
234
1390
-3494
6561
3226
-4145
389
2883
2580
5264
-4093
-3976
963
1016
82
988
-7205
-435
4647
-130
7801
-3372
-5541
-5776
7083
-6904
-3520
-4254
-757
-3484
-5375
-5405
-5475
563
2755
-9572
2498
2075
5072
4108
-4944
2998
-1551
-8185
-8159
5051
-4934
9118
2026
-3061
-5083
-6282
5682
6795
-7552
7954
-9398
-8398
9267
-1334
-5648
-8617
-1725
-5067
6892
1947
-4332
8130
-5504
8464
-2668
6964
6392
-1511
-1034
-8993
4144
-2424
-3633
-6662
-8607
-9577
-4346
9421
4327
7567
-5078
-3452
8341
-2360
1624
6
-6273
3654
9660
-7471
-9166
4843
2974
6339
9455
-6764
-9867
-1385
-5664
3376
2010
-7013
6056
-5988
-5449
-4863
-1792
-1763
3762
2489
3561
5562
-9263
-1470
-555
8346
5307
233
2142
1608
-1500
-7250
-3737
5658
-7267
-6736
1577
6907
137
-1704
5734
9195
-7153
-6680
6460
2075
-5744
-1182
6439
-4354
6942
-6385
5885
-4415
-9919
5004
2536
-6153
1587
473
-318
4502
-7772
1268
7110
-890
-3893
9527
-3552
9712
-9970
-877
-5285
7518
1792
-8320
6703
-4664
9341
2610
238
8392
-2290
5002
8998
-3527
4108
2773
3224
-7315
-7062
317
-1762
6382
-2175
-1801
8038
8616
-9980
3042
1050
2329
-1211
-9891
5055
5509
-8526
-8189
7533
7486
826
-8836
3284
-5200
-5450
-6113
8694
7022
4304
2220
-7436
-3861
-1550
3698
4108
4237
3375
-9299
1314
-8420
8774
-8436
1807
-7552
-4270
-1503
-8974
3623
-5536
7737
1820
2817
-148
3185
2416
-4138
5663
4342
678
-352
3402
5695
1525
413
-773
-5408
5195
-9231
-1024
-1165
2514
9752
-4965
2582
-6203
-8331
4186
6197
5143
-4638
-6896
-7793
7372
3765
6152
1121
4518
-4562
-928
4994
-9274
3224
-2143
5006
-9615
7038
-7283
5076
2292
7889
4624
-4227
3762
-2461
8620
-8000
-462
-4427
7685
2196
5352
2275
8894
-1644
-2654
-9150
9381
334
9432
1453
1674
6512
5565
-7346
-2424
-7069
6643
-1423
6982
-7860
3672
-3841
-1396
7208
-11
-65
-9242
5336
2912
7802
-6532
3973
-3753
-9685
-4974
4170
-1485
-6874
5371
7328
9237
-8345
-9461
-4444
-1322
9325
2691
5962
666
9104
6429
-624
1711
-1465
-1614
-6815
9667
-1485
-2667
5667
-6262
-8140
-8204
8078
4757
-7532
6333
-5777
7277
5854
-4897
-2896
-8588
1944
-7611
4002
43
309
4059
-5492
-766
-1804
4918
4227
-848
5007
4074
7101
624
2215
-1096
-7908
2206
4910
-227
-9880
-3208
4135
2839
-9440
3546
7080
-6093
-3505
-5263
-663
9211
-8435
-9992
1531
7956
-4715
-1747
4289
-3442
9558
-5846
1270
3928
-9507
-2524
9914
-9900
-6578
7175
2348
6745
195
9026
-4709
-9471
-4027
-8434
-2272
-1053
-2150
2664
7948
-2323
-4026
9006
2144
3534
-5445
-3085
7007
-9478
4393
1856
7010
-2648
2509
-7178
-1058
8436
51
-3390
-8110
-7994
9982
9683
-2466
2864
489
8273
4346
-9215
-2749
-7620
-1147
4046
-5718
-5679
7362
2898
-8934
5210
9937
-6349
3196
-4535
-7511
-1352
-7863
-9346
909
-8672
-3689
-4726
7305
-2553
-9263
-3183
1279
-6010
-813
-8819
9341
4323
7662
8090
-3298
-1426
4580
4720
-4138
879
5128
4190
5793
1016
2697
3876
6368
-8883
-3436
1397
-3851
5856
9084
1578
-7095
7038
-3508
9115
-761
-1663
652
-809
-6068
4559
-7679
3135
-3179
-1942
-24
4988
-2184
9661
-3348
-8552
7094
-9734
2387
6733
-5350
8342
-7836
7171
2607
-6397
2136
7660
7665
1366
3136
-4165
2442
-2087
2968
-6973
9013
-2366
-7372
6854
-6150
4062
1888
2769
4748
6680
8828
-6261
7149
156
7999
3064
-2458
7494
4211
818
-2401
8704
2002
-7512
7823
-1340
-8127
-226
6353
614
1116
3115
-2518
-3892
-5418
2011
617
-7523
5492
-2856
338
-659
-9476
3325
7622
7094
-298
4867
-6230
8837
-7343
7119
-547
-6297
9664
-914
205
-4411
-7675
-2300
-3357
9762
557
-8137
-2160
-503
-5908
6199
8411
3111
-493
-4971
3279
-3018
-3847
4476
-3896
-9837
9773
2060
5112
3985
6958
5072
-2771
5772
7272
7201
6078
-9975
-741
-4825
-3944
84
-1072
-8186
1368
7736
5481
5877
-9808
-214
1314
6194
-8619
2391
-8194
8510
-7469
-5409
-3233
-1558
9187
4891
-9658
-7669
-9198
-2169
-5392
-8226
1462
308
640
7672
5117
-743
7288
6699
7427
9985
9483
-4702
6665
-5176
-6958
-5779
-1123
9264
3322
4622
-3901
-4970
5009
769
5102
-9856
-9067
-9312
3923
-7805
-22
-2220
-713
-8585
-3042
3987
9871
7060
6514
4002
8328
-9437
1089
5266
-2447
-5551
5782
-7642
-1000
5503
7897
4539
5976
-4886
6700
1751
-246
1342
-9876
-3295
-6969
-7397
-2825
4656
6069
8993
-6919
1529
-9931
-8701
-5113
-8407
-8895
-4835
-5208
7609
33
5138
-9067
2107
-4169
-3324
-5998
2500
3062
7338
9919
9055
1635
-8308
5591
2619
-2398
2824
746
-1722
3437
-6643
5474
-9126
-9280
1385
-5059
-5465
2122
-5904
153
4509
-227
-1648
7410
1166
5572
-1701
-5922
-2401
-2093
789
-7936
-829
-1729
-1359
-8571
2007
9016
-8569
9895
4441
2584
-7022
-7499
4635
5701
1693
3125
1774
-5149
6473
3563
4075
-896
-3708
-4151
1400
9160
8105
-8586
7339
-3155
-5839
-4874
4381
3785
2934
8031
-5287
1103
-3713
-1648
6433
-8056
5261
9417
-5567
-9476
2895
9801
7620
-7009
9211
6199
7043
2585
4993
-3695
8842
-8869
6895
5810
-9516
2094
-7734
8105
744
3342
908
-3472
-3070
191
5
-497
6123
-699
-5964
-5697
-2051
-4459
1042
962
1769
-1055
-5675
8301
7432
2304
-5902
4061
-4663
2204
6432
-9385
-1932
-3138
-1496
-3625
5188
965
-2981
-43
8924
-1270
-7699
3430
-7795
6800
3672
-7881
-3029
-753
-1059
-466
603
1572
-8929
2548
5319
-4415
4298
8625
-7474
4166
-4179
1903
6364
6097
3135
6094
5379
-3275
-8100
7575
-8296
-222
126
-1384
6196
-4280
8830
-5660
808
-2673
8527
6986
9214
-6288
5838
7411
-6652
4517
9681
1161
6207
-5749
-4516
9917
3764
-9528
3580
9438
8061
-6520
-2903
9624
-407
6584
-1567
9137
1662
-2311
5527
-1812
-76
2917
8673
4001
1365
-9302
-8849
4835
-2919
-8643
-1735
8552
4206
-2430
8836
-9567
3416
3586
621
3946
-5445
-3092
5203
-9591
-5718
-485
-4861
-8523
2961
8640
610
-4978
-528
-7085
-1996
6000
-9678
3717
-2277
9523
2618
4898
-1855
1319
6961
-1928
-1488
5373
-663
872
4925
-9495
-3406
3631
-2877
-4386
8669
-3961
-8189
-3318
-7909
861
-3479
-1731
5846
-6227
-2440
8844
9548
7717
-6872
-4390
1490
2911
-7818
-2348
-8662
-1536
-507
4142
360
-5051
-1478
4498
-9616
8424
3539
-9222
9977
3779
7191
8090
2548
-7732
-4159
8428
9319
5365
660
6063
2233
-1878
7681
-2992
4363
-9570
-1909
-6273
-1007
3507
5194
-29
434
-4712
-5343
2698
4431
-2242
8648
2575
611
7250
-9356
9128
2235
9244
-6278
4646
-4099
4619
3146
-4607
4275
4617
4982
-9540
8063
96
-2379
-7076
-1211
-7505
2086
6105
5248
-3718
9606
-9928
1260
-8065
161
5704
-267
693
-8098
-654
-5279
3317
4893
4530
4482
-305
-9356
3639
-760
1019
-7730
-9507
9491
-7553
-176
1246
8323
3146
-1329
-5097
-3034
6766
7604
-9710
-5124
8436
5874
185
-2082
7408
-3293
-6578
229
5942
-5311
9742
-1410
-1041
-7465
4511
-6961
-696
-1558
9978
-279
-3522
9331
4780
-66
-1445
-9967
377
7381
-697
-84
-4225
373
7081
-104
6810
-6321
9059
1912
7868
-4513
-768
-8894
1537
-4904
1264
226
2366
-6410
648
-7724
-8062
6040
3261
-3252
3281
-5276
3228
-3856
-3479
4735
4096
33
-9182
2147
4862
9893
3375
-5189
-1836
5792
6148
-1633
-3826
-5207
1796
1848
747
-2875
2578
5538
-2258
8795
-3712
6418
-381
-3470
-402
-8268
2089
2420
-1592
-4995
912
9026
-1786
8175
4383
-5282
2647
6285
-9759
7550
6930
5146
1569
7033
-6484
3358
-7587
-2934
3550
5042
-7535
-9045
-4181
1209
-4791
8803
1224
6821
-1486
7934
-9530
1077
-4645
231
3262
9134
-5511
6823
-778
58
-548
-1113
-6587
4438
-5571
9806
-4255
7358
-3655
-1465
5017
-7415
-4478
-831
-2691
-121
-531
-4239
989
3310
-293
7732
2482
-339
1625
-9602
-3208
764
4765
-6329
-8915
-1920
4713
-9330
6198
-2137
-5703
1442
-61
-3106
1002
1879
-5592
-4016
4691
-1389
-2272
-8680
924
6906
-980
2739
7736
8341
3742
4075
-5011
7632
5339
-5734
-8910
8215
-3027
3712
2144
9941
3195
9528
-4472
5849
-6791
-5447
-8207
6448
-2616
9455
3397
6358
-2700
-6315
4130
4495
3346
-2575
-4973
-7886
9531
-7297
6596
8621
-6408
714
2175
-2880
-8145
-3397
-2856
962
5006
6563
6375
4175
-7198
-7550
9277
-7270
7453
-2954
-7101
4773
2657
619
2767
4429
-2069
-5458
9551
-7171
-3150
6259
8800
7338
8533
-6413
-3965
8489
-9609
-8616
-825
-2862
7246
830
8123
-1863
7735
7470
6283
-1953
9524
-7560
7956
-2397
-78
-4581
-7137
1477
5669
-8109
-9065
3222
-3756
3478
-7964
706
1616
7479
2546
7344
1315
-1728
-2423
-6140
6464
1375
-1291
-6587
3204
-7842
-8762
-1785
5360
-3774
-4095
-6352
1199
-9088
-1905
9873
-4032
288
-9437
5628
8398
5882
-7371
2090
9501
9247
1427
-9609
-9622
-1926
5427
-1803
3406
3085
2195
1423
-761
322
9237
-1120
6001
7685
-2137
8829
-4942
-5351
-6087
1
-5017
8245
-7741
-5919
-8256
-3047
1447
7761
7331
1445
-4557
5427
-5849
-3642
-5114
-4581
-6636
-4930
101
-2950
2656
-9322
4006
-4324
7421
692
-4463
-2745
5114
8712
3624
-3588
2185
6708
-158
1019
3900
-9848
9099
9049
6528
-7128
4270
-1462
1907
-8561
6948
-2632
-3488
9724
-9481
4803
-8312
-6503
-7622
2667
1055
-622
3448
8287
4347
4267
-3474
9234
-9137
5249
1725
4774
3056
-3362
-2200
-1403
-8837
7063
-7534
1500
1649
6540
4404
-5899
-2287
2504
5321
-6001
5592
-2648
1147
-2134
-4983
-1354
-5725
2650
3272
787
1551
7333
8727
1868
2370
6777
2716
8449
-8368
-6006
7743
3732
-2862
3676
317
7856
-2717
6745
6401
-6653
4478
-8575
7004
-3961
9616
-7854
-4468
9212
-2507
-3759
-6854
1083
3219
-1254
-6922
-7546
-4223
-2186
2099
8913
7481
-4726
-4902
-2458
-1658
755
8520
9801
-4695
5364
8421
9249
3965
-5619
439
4020
2129
-2447
-892
3424
3816
-9026
-6735
4684
2384
1202
-6381
2362
-3594
320
-9265
-2120
256
-7439
6551
-2511
-2163
2727
7373
-1588
-4969
3048
-5398
4697
-7473
-9775
-5702
1569
-5410
6624
1752
9657
-7511
-7677
-9479
834
-1944
-9814
-9818
5716
9341
8487
5961
-356
-130
-9419
2955
5776
-5083
6009
2195
2544
-8163
-8910
441
4032
-7314
103
4938
-7353
-3054
-1056
-6883
9595
6932
-8092
-8517
7323
6295
-5689
9483
8893
9246
775
5498
-7759
9302
1626
5120
9194
4568
9516
-1601
-8687
-4575
8967
-2400
-1258
-3462
7702
2992
-63
-1027
7015
-7447
-265
-7046
5740
-5850
-7178
9369
7417
-2870
-8179
4312
-6395
-1150
9455
7544
753
656
3831
-4768
-4098
7806
-6407
-3342
-9304
672
-5596
9003
-3673
-1426
-6084
3913
8211
-6087
5203
-1612
8997
-2164
6055
-1111
-9544
-8215
-2543
5617
-4757
-1582
-5949
5518
250
-6300
-1087
1651
-5139
-1542
9887
1336
-5628
-9533
-3558
5650
9741
9291
9304
-4970
-8629
-5907
-7199
-8643
-2753
9602
3542
9422
-5777
-2837
9217
-3880
-7195
8380
-1018
7377
6419
-4688
-1051
1402
7120
8616
-6649
-6761
-3091
5186
3172
7376
-6498
8240
9184
5326
-5047
-4739
7125
6491
-4784
1439
-7820
-9241
9678
-5024
2218
6270
1044
-6933
6879
-356
-5226
-7121
5932
2405
-6504
4235
-1779
-1042
-8602
-9451
1790
-6088
8726
4098
7388
-767
-3315
-3017
9760
-4362
-3555
3678
2951
-22
4775
-4973
854
2997
-5538
9361
4742
-888
6302
-1044
9175
8258
8230
-2581
8613
-122
-3875
-8985
-6327
1974
-3938
-8105
-4284
-5632
-9466
5018
-7645
8952
-5822
8950
3976
-2161
4165
-5404
-1767
9620
5014
5992
-595
2157
3987
-3118
2158
-8829
-7910
9929
-2114
9535
-7849
-9204
3853
-783
-5130
140
-6066
-6092
9524
-6288
-1591
-6331
91
-5006
-3602
1601
6392
870
-433
8429
849
-4501
7060
-3707
-5034
-7227
-3775
1898
2558
-1169
7000
9603
-1652
9579
3878
-9442
2892
-3725
4136
-4541
8032
8093
-9722
-5954
2743
-2701
987
982
-1253
-4413
-4275
-6650
-9726
-4336
1349
-4336
4468
-5174
2910
4004
-1850
-1860
-3253
827
7421
6785
6396
-5673
2807
-3212
4716
2303
7261
-5471
-8247
9406
-1811
7381
-9029
-836
8851
-1452
-7053
-4042
7848
568
-4454
9309
9772
-6872
3378
-2900
9352
-2943
9446
7073
3531
-9670
4195
-5070
7530
1315
8614
8903
7465
-2519
2240
5185
-5026
-1578
7620
-1995
-7148
1941
-9832
8348
1294
3576
1494
-5877
1499
7191
-2471
1861
4724
-4188
-5799
3618
-6404
-1393
-5933
2761
-4380
-1260
8700
-5853
-8941
-9494
2299
4744
-4364
-4658
-8482
1502
-1215
-4658
9009
8065
-3810
5975
-2601
-8018
-2403
-2170
-2795
2615
-783
8779
-1474
-246
4945
-9011
-7868
83
-5469
8452
-3279
-2656
-4440
-85
-8577
658
-4654
943
-2772
7563
1741
2854
1569
-6124
7023
1345
5707
1984
1293
-9338
-3584
1217
2613
-1788
950
4537
8027
7824
9722
2386
8167
-6952
-3953
5183
-9069
-4497
4290
-2118
-7733
-5368
-8047
-3390
5012
-8914
277
6237
-6786
4574
4647
3145
-18
874
-7464
-3823
174
-2479
-3053
9932
-3094
1322
4675
-6960
-7150
-8231
6162
1104
2328
-3470
9930
4558
1922
-716
-4841
-2882
993
-7046
1858
6947
1774
8170
-1167
-7704
-3169
8597
2182
-9658
-9955
-4410
9494
-1876
4922
-9336
-7664
-5497
-4376
7414
276
758
-2122
9883
-155
7310
8695
9267
-1062
1406
-5140
-493
-4845
-9096
-6373
7924
6796
538
6953
-7301
-8377
-7720
6434
9628
-8197
9280
6
191
6280
-8935
-4741
-416
6179
3632
-3280
-8467
2237
-5699
2329
-7709
-9902
3388
-3374
-2272
1161
-5265
-8842
1521
6316
936
7769
-1344
101
8736
-6358
-6479
-7617
-6009
3149
-3303
-1468
-3492
1083
122
-1382
-534
-23
-9018
-6474
8084
8322
-9249
-8240
-2272
6304
1146
-1910
-5331
-2899
-7955
7007
1207
8346
2191
-9713
-2060
-6293
5941
-6431
8984
-439
-7241
7626
5646
7101
-3854
8261
8869
-3524
-4294
7848
-3074
-7294
3589
-4616
3028
-6890
3794
-9035
8283
-1557
9404
6547
-2106
-7943
6892
3462
9810
-466
-3430
-5430
-7290
973
415
-1490
7789
-3285
653
8906
5101
2742
9547
-795
-4229
-6368
-1289
5129
-945
-2129
-6527
4326
7897
2899
-4389
2445
-1785
-863
-6053
9170
563
1382
9781
8284
-8561
5714
2414
-9086
-7047
-572
-5941
-878
6259
-8680
-5373
-8915
-4565
8182
-6673
3868
7267
-8485
3944
6324
8775
7403
-4146
4720
-7986
-2690
-3367
-5714
3358
-4893
-4626
4841
4564
-9639
6414
-3714
-5007
-636
-9863
3528
7882
9736
-6516
-2957
-7770
2807
2523
2656
32
-8807
79
7026
2054
7791
-4830
5614
3263
7704
-5642
-6566
4171
137
-2997
-6469
2301
-2880
8089
-5493
-7823
2073
-8822
538
-2352
7933
-3729
-8443
9731
4811
3877
3916
2089
-7361
4724
9383
-7009
9688
-8001
-2367
-9923
9558
-8012
6490
-9169
7781
-8536
6061
-4717
9249
783
-7478
-4059
7002
-5922
4534
7090
-4871
3729
5865
-2346
-4963
-522
-1845
-6406
2245
4444
9604
4710
1105
6766
1997
-8573
-5130
-7965
-1479
-6319
-8808
5206
-88
-1651
3811
-6431
3362
3341
-6109
-4299
3941
-6548
701
667
1160
-3165
-7613
-3733
-8453
-2623
-1051
-458
7439
-2277
5875
5627
-2299
-1501
7443
7289
5799
-9748
1847
1651
6056
8083
-1011
-1783
-6991
-2025
6287
5858
-4602
9633
433
-9417
-5084
-2280
7334
-7800
3720
-189
-1555
-5814
8441
-7896
3361
8021
9371
1449
8097
9644
-373
4817
-4962
4494
3020
853
-7678
-1028
2421
-9659
3767
-6432
9806
-3315
6244
-4928
-3104
-6837
6463
2637
7314
2510
-4839
344
-7435
-4963
3576
3942
-5121
286
8173
-8858
6585
-6148
2939
3771
-8187
4889
-217
-9301
-8629
2430
-3759
4289
-9090
2841
5897
-9255
-8429
2607
-1895
-1618
5040
4610
-6724
6167
4587
-9969
7195
-767
-6113
6772
-1377
2427
-3580
-1918
4782
-3288
-3382
4790
-9095
6462
-4874
-6865
-548
841
-7914
8880
4843
-325
1424
-1278
6352
1292
-7805
7322
-634
8147
-3899
-8823
-5789
4359
-3767
4967
8139
-1145
4889
-6225
-7027
-6969
-6931
9751
-2904
6796
-9416
-4282
7419
-2867
-7141
-2845
-8576
-3952
-6054
2363
6925
4893
-2183
6675
-6773
267
7915
4172
6678
-2890
-7513
-2988
-9388
-7200
-1655
-1655
-9584
2672
-4913
7956
6510
2006
-8625
-9553
-8715
-5675
7377
197
5585
-31
-1622
-5826
-7546
586
-8205
-9867
-1331
7615
-6302
3049
2447
-1844
-1113
2697
408
-2208
-8318
8129
1944
-2457
-8741
4161
4108
-1050
-6960
568
911
2762
5060
3243
-3200
7725
6213
-5159
9553
5374
142
350
9177
9924
-7450
4823
1113
-9418
-7085
2715
4406
1660
3588
3167
3821
1228
9567
-2350
4726
2954
-9862
-9657
3062
4519
-268
-7550
6425
-7521
299
3713
-1506
-5375
-211
-3133
-9501
-2598
7307
-8781
-3850
9806
-8542
2218
429
1205
-6195
-1648
-5111
-3187
-7781
8871
1018
4497
8959
5712
101
-2440
416
-1669
-6603
-1128
9895
-3964
-7554
7037
-3489
131
6681
-8485
-2500
8856
1159
-4470
8576
-3725
6232
420
3000
-7206
5585
-312
6165
-2023
9733
5292
-7262
-4188
5110
6167
-7804
-8202
3290
5293
8307
-7510
-5650
-2895
7938
4103
-1222
5686
-3135
936
-7551
5666
-7302
-6211
5252
-3939
-8940
-725
8860
-4117
7775
6303
-679
-3241
9142
-6210
7686
-3133
494
-4720
-5856
-4142
-8620
-1173
7065
6689
6831
-6885
9158
6650
8666
-8831
4858
2589
1751
5035
3000
-6489
-5333
3716
2719
4193
5326
9661
902
9784
-7528
-4234
895
-5309
-5162
-7478
7248
-6572
4168
1517
-2363
-8215
8654
-9983
-3238
-6190
-9097
-8415
7042
6590
59
-5523
8442
9297
-984
2353
-3114
3741
9367
-8193
7637
3856
-3399
7204
-2415
-1954
-4318
6327
9531
-2840
-2384
-3772
424
4669
-6826
-4765
-8474
1646
-8681
-6406
-6232
-2576
4776
-8282
-7783
5287
-5461
-5967
-9523
9294
-6387
8746
8893
-6126
-9139
5150
-2795
-621
8561
5655
585
8150
424
7229
4342
-9799
6732
-5728
-6510
-5628
-7127
-3380
7815
-6989
-3872
-6505
1053
-1781
9599
2072
-6832
-8413
2530
6737
-1718
-6561
-5509
7641
-8908
3690
8625
-4231
-9002
1276
3308
-859
-310
-813
-2168
8572
8415
5896
-459
5901
6367
2103
4220
6685
2893
-2521
-5864
-6948
-5799
211
1635
-296
3370
-7092
-3106
-5154
-701
-7888
5899
7004
2880
-9023
-9872
7953
9158
9543
7066
